lp
  -3.903641e-002   1.676751e+001   2.099280e-001
  -2.771036e-001  -2.494003e-001   1.659909e+001
4
0.044849
   3.723473e-002   1.705804e+001   2.260773e-001
  -3.021395e-001  -2.351589e-001   1.694292e+001
   9.849409e-001  -1.873994e-004  -8.051813e-004  -1.012159e-004   1.529510e-005  -9.453953e-005  -1.021687e-007   3.196012e-006  -1.779956e-006   5.852945e-007  -3.251210e-007   3.769577e-008  -5.448824e-007  -3.132445e-008  -3.429214e-007   8.307550e-010  -6.478535e-009   4.847408e-009   4.135803e-009   3.271336e-009  -1.073878e-009
   1.000010e+000   8.547866e-008  -2.450589e-007  -5.181492e-007   2.910914e-009  -5.180224e-007  -3.381298e-011  -8.854870e-011   8.858658e-010  -9.706275e-011  -3.760017e-010  -2.220359e-011  -6.667896e-010  -8.714253e-012  -3.547581e-010
   1.000021e+000   3.685987e-007  -1.007042e-007  -3.189081e-007  -4.533071e-008  -3.457711e-007   1.348233e-010  -6.699670e-010   3.572480e-010   2.917173e-010  -2.103691e-012   3.334477e-011   4.333596e-011   3.470871e-011   3.530326e-011
0.071235
  -5.504344e-002   1.682059e+001   2.162183e-001
  -2.926167e-001  -2.465130e-001   1.666053e+001
   2.500256e+000  -3.354489e-004  -1.593922e-003  -1.830638e-004   5.729327e-005  -1.801672e-004  -1.720368e-006   5.985851e-006  -1.553422e-006   1.801327e-006  -8.961369e-007  -1.605074e-008  -1.670083e-006  -8.536150e-008  -9.533386e-007   2.600116e-009  -8.543840e-009   1.147907e-008   1.830078e-009  -8.742035e-010  -3.610872e-009
   1.000032e+000  -1.696230e-007  -6.216711e-007  -1.434054e-006  -4.744684e-011  -1.432961e-006   1.449934e-010  -2.520255e-010   2.117241e-009  -7.538946e-010  -7.425637e-010  -3.255126e-011  -1.309160e-009  -2.076390e-011  -7.231930e-010
   1.000028e+000   4.779757e-007  -3.042659e-007  -1.007135e-006  -1.101021e-007  -1.052660e-006   8.560703e-010  -1.769786e-009   1.101717e-009   2.683114e-010   2.535274e-010   1.171538e-010   6.344565e-010   7.596173e-011   3.439073e-010
0.116164
  -7.714216e-002   1.663943e+001   2.141971e-001
  -2.696371e-001  -2.577805e-001   1.647475e+001
   6.624630e+000  -7.918106e-004  -2.347325e-003  -5.574272e-004   2.091908e-004  -5.436590e-004  -6.841620e-006   1.088684e-005   8.738700e-006   4.841165e-007  -2.101011e-006  -3.512189e-007  -4.130200e-006  -2.000140e-007  -2.249185e-006   1.034499e-008  -1.328981e-008   9.050311e-009  -2.850721e-009  -2.522987e-008  -9.534475e-010
   1.000072e+000  -4.769812e-007  -1.701221e-006  -3.877517e-006  -1.147334e-009  -3.862423e-006   3.856834e-010  -9.240916e-010   5.937808e-009  -2.601139e-009  -1.944884e-009  -3.491410e-011  -3.408107e-009  -1.076755e-010  -1.976264e-009
   1.000094e+000   9.410129e-007  -6.041489e-007  -3.009034e-006  -3.073722e-007  -3.075902e-006   3.072733e-009  -5.736797e-009   1.407066e-009  -7.606841e-010   9.555172e-010   4.597102e-010   2.328320e-009   1.970478e-010   1.131091e-009
0.184261
  -6.119477e-002   1.655196e+001   1.832193e-001
  -2.440212e-001  -2.581489e-001   1.631816e+001
   1.654432e+001  -2.230395e-003  -8.050748e-003  -1.559208e-003   5.465633e-004  -1.761382e-003  -2.068883e-005   3.719742e-005   3.672623e-005   3.790118e-006  -4.614810e-006  -7.711370e-007  -8.299891e-006  -8.113265e-007  -4.571951e-006   3.852244e-008  -3.994115e-008   2.360649e-008  -2.375197e-008  -9.769751e-008  -4.164297e-009
   1.000199e+000  -1.312761e-006  -3.888255e-006  -9.979685e-006  -4.012413e-008  -9.945714e-006   3.204888e-009  -3.448195e-009   1.724485e-008  -5.774405e-009  -4.114176e-009   1.039179e-010  -7.439061e-009  -2.896514e-010  -4.206134e-009
   1.000259e+000   2.475198e-006  -1.377949e-006  -7.635248e-006  -7.617105e-007  -7.729054e-006   6.566291e-009  -1.409623e-008  -2.685214e-010   3.895061e-010   1.786055e-009   8.523481e-010   4.013822e-009   6.722338e-010   2.093864e-009
