lp
   3.627050e-001   1.707424e+001   3.138049e-001
  -2.287573e-001  -5.105187e-001   1.695697e+001
4
0.044966
   4.430437e-001   1.734300e+001   3.428185e-001
  -2.429120e-001  -5.133247e-001   1.723397e+001
   9.895067e-001   1.853451e-004  -8.144796e-004  -1.194134e-004  -4.763484e-005  -1.394963e-004   1.880977e-006   4.045187e-006  -1.102324e-006   5.292535e-007  -3.070205e-007   8.661651e-008  -4.826148e-007   5.475567e-008  -2.859712e-007  -1.552775e-009  -7.222184e-009  -6.195653e-010   1.326146e-009   4.051848e-009  -6.112589e-010
   1.000011e+000   5.515244e-007  -4.164300e-007  -5.451773e-007   8.382870e-009  -5.415453e-007   2.917222e-010  -4.950623e-010   2.850616e-010  -8.286354e-011  -3.377790e-010  -8.245538e-012  -6.583774e-010  -2.700997e-011  -3.324664e-010
   1.000021e+000   8.531377e-008  -2.524768e-007  -3.148914e-007   3.299999e-008  -3.249851e-007  -3.186240e-010  -9.397920e-010  -2.873174e-010  -9.426449e-012  -3.568571e-011  -1.865981e-011  -5.120636e-011  -4.609371e-011  -4.387005e-012
0.072087
   3.490856e-001   1.710009e+001   3.093174e-001
  -2.509870e-001  -5.178576e-001   1.698776e+001
   2.541529e+000   4.556681e-004  -1.700463e-003  -2.778787e-004  -8.765324e-005  -3.078025e-004   4.139016e-006   7.500100e-006  -1.349987e-007   1.986331e-006  -7.559995e-007   1.610231e-007  -1.356326e-006   4.919152e-008  -7.847342e-007  -4.485765e-009  -1.385212e-008  -5.926244e-009   1.795831e-009   4.577077e-009  -2.889765e-009
   1.000034e+000   1.125544e-006  -1.174175e-006  -1.493189e-006   1.497166e-008  -1.484800e-006   7.965208e-010  -6.977857e-010   5.000661e-010  -2.566953e-010  -7.483262e-010  -7.984323e-012  -1.423199e-009  -6.844319e-011  -7.415765e-010
   1.000051e+000   6.758224e-008  -5.548162e-007  -1.059718e-006   9.524801e-008  -1.046233e-006  -8.982184e-010  -2.377080e-009  -1.106450e-009  -3.089955e-010   3.017613e-010  -8.648623e-011   6.089262e-010  -1.161984e-010   3.317053e-010
0.116444
   3.551937e-001   1.695504e+001   2.891090e-001
  -2.209027e-001  -5.056433e-001   1.683008e+001
   6.563425e+000   1.487638e-003  -2.741424e-003  -5.898376e-004  -1.896587e-004  -6.872635e-004   6.508499e-006   9.287003e-006   2.954087e-006   3.268820e-006  -2.114568e-006   2.880033e-007  -4.004210e-006   2.029985e-007  -2.061042e-006  -4.229596e-009  -1.394533e-008  -1.871493e-008   5.629606e-009   7.796358e-009  -4.424134e-009
   1.000086e+000   2.882383e-006  -3.093598e-006  -3.990087e-006   3.277124e-008  -3.972912e-006   2.258212e-009  -1.263021e-009   3.912204e-010  -4.450797e-010  -1.822158e-009   3.219227e-011  -3.399321e-009  -2.238331e-010  -1.850496e-009
   1.000135e+000   2.693899e-007  -1.341471e-006  -3.121204e-006   2.906646e-007  -3.024632e-006  -2.599675e-009  -5.681810e-009  -3.093803e-009  -1.484273e-009   1.147537e-009  -3.418970e-010   2.365993e-009  -5.058062e-010   1.042984e-009
0.184896
   3.034971e-001   1.689884e+001   3.139749e-001
  -2.002276e-001  -5.052494e-001   1.677609e+001
   1.668392e+001   3.224765e-003  -1.044133e-002  -1.595838e-003  -4.590196e-004  -2.108001e-003   1.164656e-005   3.419815e-005   1.923038e-005   2.546790e-005  -4.894433e-006   5.673009e-007  -7.841997e-006   5.083618e-007  -4.381048e-006   3.194165e-010  -1.760278e-008  -8.117930e-008  -3.116172e-008  -8.573945e-009  -3.383990e-008
   1.000214e+000   6.722666e-006  -8.160745e-006  -1.035885e-005   4.486144e-008  -1.034203e-005   5.598038e-009  -2.027560e-009   6.283842e-009   4.074370e-009  -3.992287e-009   1.729904e-010  -6.947836e-009  -4.920330e-010  -4.054621e-009
   1.000200e+000   7.465886e-007  -3.302913e-006  -8.060922e-006   8.063594e-007  -7.712501e-006  -6.680853e-009  -1.585834e-008  -2.031002e-009  -3.424208e-009   2.341369e-009  -1.098601e-009   3.970913e-009  -1.474455e-009   1.921780e-009
