lp
   5.159412e-002   1.616504e+001   2.866070e-001
  -6.706218e-002  -5.438884e-001   1.603918e+001
4
0.044310
   1.774696e-001   1.642559e+001   3.304907e-001
  -4.351015e-002  -5.404593e-001   1.634808e+001
   7.098177e-001   1.908806e-004  -3.741604e-004  -7.136311e-005  -4.864692e-005  -5.141131e-005   1.719208e-007   2.982748e-006  -2.400180e-006   1.159698e-006  -2.583673e-007   9.769984e-008  -4.617585e-007   7.857451e-008  -2.724004e-007   4.005291e-010  -6.556948e-009   3.719529e-009   5.760947e-009   4.954990e-009  -1.407414e-009
   1.000007e+000   1.597875e-007   2.781366e-009  -3.715276e-007   7.996127e-009  -3.695708e-007   6.862094e-011   8.403593e-011   3.623846e-010   1.176082e-010  -2.640669e-010  -1.132839e-011  -4.811598e-010  -2.104978e-011  -2.608460e-010
   1.000368e+000   1.360331e-008  -2.638789e-007  -2.263305e-007   2.942772e-008  -2.763863e-007  -1.857487e-010  -7.735983e-010  -3.766912e-011  -5.182482e-010   7.461640e-011  -9.900386e-012   2.728014e-010  -5.351234e-011   1.177160e-010
0.054011
   7.288185e-002   1.634647e+001   3.194067e-001
  -7.614362e-002  -5.487718e-001   1.626645e+001
   1.075397e+000   1.085057e-004  -6.635410e-004  -1.277885e-004  -4.748667e-005  -8.772994e-005   1.384095e-006   5.295409e-006  -2.845983e-006   2.192078e-006  -3.191747e-007   8.980918e-008  -6.086634e-007   5.104437e-008  -3.805058e-007  -1.445409e-009  -1.016671e-008   4.108401e-009   4.471918e-009   7.003539e-009  -2.736765e-009
   1.000012e+000   1.956363e-007   2.032435e-009  -5.607964e-007   9.494397e-009  -5.581511e-007  -8.519082e-011   1.389595e-010   3.526078e-010   1.183852e-010  -4.338160e-010  -1.478762e-011  -7.899770e-010  -2.141216e-011  -4.276942e-010
   1.000523e+000  -2.526721e-008  -3.606620e-007  -3.564421e-007   4.048423e-008  -4.263824e-007  -4.101827e-010  -1.361772e-009  -1.173829e-010  -7.252929e-010   6.664377e-011  -1.309649e-011   3.163922e-010  -8.316958e-011   1.410673e-010
0.118347
   3.644206e-003   1.598163e+001   2.749213e-001
  -7.480501e-002  -5.434644e-001   1.584008e+001
   5.381146e+000   5.609505e-004  -1.013476e-003  -5.550476e-004  -1.469618e-004  -3.823778e-004   1.010018e-006   2.501975e-005  -1.109493e-006   5.406137e-006  -1.524421e-006   1.555619e-007  -3.350435e-006   1.978480e-007  -1.883247e-006  -5.017823e-010  -4.736741e-008   1.607590e-009  -1.574743e-008   9.119282e-009  -4.632602e-009
   1.000066e+000   2.873371e-007  -9.290026e-008  -3.151639e-006   3.271974e-008  -3.133935e-006  -3.084227e-010   1.906857e-009   3.329436e-010   4.554316e-011  -1.498989e-009   4.055064e-011  -2.486096e-009  -1.635162e-010  -1.516915e-009
   1.002212e+000  -4.423981e-007  -9.464461e-007  -2.355648e-006   2.343954e-007  -2.618862e-006  -1.653961e-009  -8.915148e-009  -1.893788e-009  -2.853787e-009   8.524427e-010  -1.730613e-010   2.663335e-009  -4.513818e-010   1.322370e-009
0.183482
  -4.761922e-002   1.590648e+001   2.216091e-001
  -7.378994e-002  -5.428581e-001   1.570213e+001
   1.642946e+001   5.936745e-004  -5.116975e-003  -2.020029e-003  -4.734086e-004  -1.911464e-003   1.315153e-006   8.459975e-005   7.607198e-006   5.385322e-006  -3.627508e-006   4.089004e-007  -6.463212e-006   5.446267e-007  -4.023094e-006   1.062239e-008  -1.340514e-007  -3.637633e-008  -3.961889e-008   1.005635e-008   9.589300e-009
   1.000198e+000   1.658441e-007  -3.025057e-007  -1.020440e-005   8.653365e-008  -1.008132e-005   1.535141e-009   8.029539e-009   1.496598e-009   1.081199e-009  -3.158070e-009   1.172075e-010  -4.585138e-009  -4.780804e-010  -3.560615e-009
   1.000229e+000  -6.828483e-007  -1.775357e-006  -7.276321e-006   8.547683e-007  -7.725252e-006  -5.984130e-009  -3.261682e-008  -6.477016e-009  -3.978997e-009   1.300411e-009  -8.640042e-010   4.204674e-009  -1.476135e-009   1.957991e-009
